Pretorian Guard
1
1
11
1678760
2082189
2639298
2604313
3074667
2879256
2057705
2031604
3402573
3192684
3041781
1
2
10
1280367
2536528
1457140
3433945
2753591
1609571
1984662
3133621
1928149
1389719
1
3
10
1870642
3109053
1213209
2250230
1388525
1638524
938981
1533402
2994465
3196974
2
0
2
1736315
1723764
2
1
11
1730348
1596618
2485237
1405164
3340214
3115325
2725802
1434765
2289272
2921480
764902
2
2
10
1578880
1287971
1883280
2433569
2186346
1316801
2555266
2112893
3186411
3023743
2
3
10
1313798
1992897
1588422
2787145
2514950
1422904
2275369
2320979
3190784
2061636
3
1
11
1508655
2573629
2578490
1508052
3126398
1738824
3015889
3198544
2728055
2898158
3202941
3
2
12
2809383
2718189
2247437
1397740
1969883
2578425
2200065
2978125
1729127
2171024
2697382
2773524
3
3
7
1397185
1355049
1474709
3206414
2466920
2299398
1259569